007995901030920 0.982 717 505 812 603
007995901030920 0.017 1191 412 1337 474
000351101017296 0.996 254 594 370 646
000853201022317 0.999 695 723 823 785
000021401013999 0.982 348 491 400 584
001162201026407 0.993 782 676 863 837
006592101009722 0.985 696 390 816 443
006592101009722 0.06 1931 527 1996 577
007515901031032 0.128 433 443 481 554
007515901031032 0.108 278 494 419 561
001111901025904 0.999 511 572 563 669
000609601019881 0.99 394 580 484 671
007082701030975 0.013 636 630 797 698
000275701016542 0.989 709 424 789 490
000024501014030 0.991 66 574 115 667
006696401032367 0.01 298 373 403 417
000294101016726 0.999 82 536 150 645
000496701018752 1.0 458 667 580 736
007138601031555 0.121 118 489 184 588
007138601031555 0.04 737 425 810 519
007138601031555 0.014 679 419 786 498
000214101015926 0.997 1600 655 1675 760
006700701032410 0.03 1090 416 1156 502
001275801027543 0.982 1000 602 1101 716
007288301033149 0.285 753 536 813 644
001260301027388 0.997 338 640 421 751
001238101027166 0.987 6 559 75 638
000198401015769 0.992 206 435 318 505
007195001032153 0.958 17 543 173 615
007727901033152 0.684 13 663 63 805
007727901033152 0.05 308 695 373 864
000348901017274 0.985 267 485 378 541
000776201021547 0.998 185 728 260 842
007717201033045 0.046 330 506 374 618
000843601022221 0.999 758 475 833 585
007886501029826 0.995 234 646 372 698
007432601030199 0.492 158 685 265 751
007432601030199 0.013 203 735 321 808
006703201032435 0.994 797 794 911 861
000645001020235 0.999 312 405 409 450
006562401009425 0.426 439 573 549 627
000201301015798 0.859 413 731 471 848
001179401026579 0.93 229 681 356 729
006771601033119 0.243 1481 751 1610 822
006948201034885 0.014 1924 593 1993 652
007380601034117 0.973 359 641 467 719
007380601034117 0.142 766 482 816 595
007132201031488 0.269 210 574 298 636
001382601028611 0.979 22 662 133 823
000113701014922 0.997 817 558 935 610
006928501034688 0.014 309 655 463 702
007779901033672 0.012 147 349 316 400
006650601031909 0.281 857 625 913 720
006650601031909 0.071 824 430 865 544
006650601031909 0.018 874 595 926 710
006650601031909 0.012 887 476 919 606
000815601021941 0.997 347 479 393 590
000336701017152 0.88 78 716 187 768
007841501029376 0.936 429 519 530 581
006837301033776 0.874 479 707 599 766
006837301033776 0.061 20 399 139 456
008013601031097 0.011 259 371 344 488
001222201027007 1.0 293 381 406 425
000617801019963 0.997 1225 617 1348 691
006535401028315 0.083 280 396 394 466
006674201032145 0.239 351 610 478 659
007453801030411 0.012 1002 520 1151 595
007746001033333 0.985 231 407 331 462
000998601023771 0.995 228 461 339 540
006705901032462 0.925 393 677 552 728
006705901032462 0.012 127 584 224 655
000495701018742 0.949 207 760 331 817
007738401033257 0.898 642 489 752 562
006860201034005 0.157 272 354 380 441
007728501033158 0.023 316 615 374 789
000335001017135 0.892 31 732 175 838
001111101025896 0.997 180 531 288 594
001111101025896 0.989 105 536 224 598
000495801018743 0.971 481 595 521 715
007083101030979 0.96 293 546 394 677
007198001032185 0.924 253 476 359 575
006934601034749 0.99 898 481 956 574
006602401031427 0.797 1247 456 1355 507
006602401031427 0.402 231 684 284 869
001061001025395 0.998 388 545 508 615
006556501028526 0.117 1817 491 1878 628
006486001008661 0.934 94 738 150 882
000409301017878 0.983 322 609 451 656
007468401030557 0.325 268 392 326 470
000500501018790 1.0 237 431 302 521
007076401030911 0.481 225 406 298 498
006904801034451 0.046 1414 310 1502 359
006904801034451 0.032 1461 327 1578 373
007067601030820 0.984 166 481 226 596
001084801025633 1.0 838 582 960 653
000520001018985 0.999 515 544 626 640
000416901017954 0.983 688 557 739 653
000570001019485 0.989 766 384 883 455
007277301033028 0.938 392 567 524 625
000854001022325 0.98 522 754 589 901
007755401033427 0.034 1558 709 1706 798
007886901029830 0.94 1095 489 1213 557
006523601028197 0.674 225 448 292 548
007764601033519 0.951 349 355 407 451
007764601033519 0.829 487 380 524 461
001373001028515 0.996 395 554 465 689
001342201028207 0.992 414 463 550 504
000324501017030 0.994 782 540 869 644
001225501027040 0.998 364 608 416 723
007704801032921 0.036 594 568 703 648
001142601026211 0.988 150 389 255 440
006836901033772 0.16 1406 514 1498 621
006836901033772 0.018 1406 678 1470 822
006946101034864 0.048 255 802 323 859
007238101032610 0.977 82 643 179 715
006504701028008 0.85 130 562 242 625
007160401031788 0.867 205 655 315 709
000366401017449 0.992 879 462 991 512
007472401030597 0.934 72 489 112 598
006493601008737 0.608 148 482 248 588
000255801016343 0.863 74 575 176 652
000722801021013 0.991 231 878 337 933
000924801023033 0.985 142 588 204 679
000738301021168 0.999 869 719 925 854
000341501017200 0.999 474 430 545 521
000341501017200 0.804 360 387 441 501
007870701029668 0.937 1112 322 1247 368
007870701029668 0.028 1955 712 2000 784
007870701029668 0.011 1926 702 1995 791
000132801015113 0.991 1424 404 1515 484
001235001027135 0.991 483 600 535 731
001235001027135 0.986 531 597 601 695
006619401009995 0.803 658 497 784 548
000843201022217 0.998 481 601 537 680
001243701027222 0.992 724 571 794 693
007103801031193 0.969 267 476 336 576
000180401015589 0.999 202 544 308 590
001167301026458 0.999 71 485 125 596
001243801027223 1.0 710 540 803 641
007055901030697 0.237 235 415 380 472
007055901030697 0.235 198 404 354 444
007055901030697 0.032 284 409 427 455
007066901030812 0.012 846 420 912 537
000342001017205 0.997 1714 539 1790 676
000350901017294 0.985 347 518 455 569
000127401015059 0.998 1372 486 1452 568
000127401015059 0.015 193 700 258 769
006977301035176 0.995 214 405 325 452
006977301035176 0.02 379 637 491 693
000657301020358 0.998 161 610 259 672
001085201025637 0.992 950 416 1037 518
001177901026564 0.982 184 708 303 760
006848801033891 0.186 313 477 374 585
007231501032540 0.656 411 534 464 642
007231501032540 0.01 411 468 502 554
006497801008779 0.996 153 476 281 526
000537801019163 0.965 466 554 528 638
006988101035284 0.779 682 581 748 693
007520101031074 0.21 1775 329 1876 388
007520101031074 0.031 1660 360 1779 415
007520101031074 0.022 158 503 235 616
000844501022230 0.996 102 511 207 587
006456301027524 0.989 602 727 707 799
001111701025902 0.953 279 492 346 599
006651101031914 0.159 1078 463 1120 615
006651101031914 0.142 1063 482 1102 625
006651101031914 0.106 1037 487 1071 620
006651101031914 0.086 380 439 465 537
006651101031914 0.013 1083 564 1122 724
006651101031914 0.012 1028 502 1058 604
000028901014074 0.997 159 577 200 687
006605501031458 0.018 826 473 928 520
006516701028128 0.234 886 280 983 366
000127501015060 1.0 431 470 492 584
006543701028398 0.874 751 447 812 551
001315401027939 0.992 1748 356 1892 405
006999301030098 0.357 142 489 228 573
006701001032413 0.08 369 544 470 622
007030201030421 0.04 853 507 910 609
007461201030485 0.769 433 588 479 740
001084201025627 0.961 108 617 198 736
001084201025627 0.809 212 529 348 641
001084201025627 0.71 205 628 329 711
001084201025627 0.159 204 579 336 686
000365201017437 0.999 1462 443 1564 498
000430901018094 0.992 794 352 862 426
000571801019503 0.996 1602 508 1687 552
000571801019503 0.995 1461 527 1548 588
000571801019503 0.989 1498 504 1588 556
008002701030988 0.987 241 408 334 500
006945401034857 0.539 666 784 839 844
007209101032300 0.016 986 651 1101 703